[Interface]
#_GenKeyTime = 2025-01-22T13:34:37.033675
PrivateKey = kPEDUa13eOqasRs228dlI+BdyiMX5e6VzXTO0XrwElk=
#_PublicKey = Asf4zGAR5dQrU+r4We2FnBFDG3E9sRYjtAeBWXgPhwo=
Address = 10.9.9.1/24
ListenPort = 49006
Jc = 15
Jmin = 555
Jmax = 786
S1 = 26
S2 = 91
H1 = 421241895
H2 = 462579300
H3 = 613850078
H4 = 1433188663


[Peer]
#_Name = pf_client1
#_GenKeyTime = 2025-01-22T13:34:37.647609
#_PrivateKey = qOO1KP/+/N4pjnHo8i4YPShyMNUEYKmUBmvkBZ9BjEM=
PublicKey = 5ARfo7mVahH7GuLa5zpcWQUJE7BZihbfBd0hJ9VKgys=
AllowedIPs = 10.9.9.2/32

